<?xml version="1.0"?>
<robot 
  xmlns:xacro="http://ros.org/wiki/xacro">
  
  <!-- meshlab steps taken from http://gazebosim.org/tutorials?tut=inertia -->
  <!-- assume material density is 1.0g per 1.0cm^2 -->
  <!-- ABS is 1.04g per 1.0cm^3 -->
  <!-- PLA is 1.25g per 1.0cm^3 -->
 
  <!-- mass divisor, ros is kilograms-->
  <xacro:property name="md" value="1000"/>
  
  <!-- inertia divisor, ros is meters, -->
  <!-- assume mass == volume for simplicity -->
  <xacro:property name="id" value="${ md * md * md}"/>
  
<!-- 
Opened mesh /home/grey/inmoov_ros/src/inmoov_ros/inmoov_meshes/meshes/bicep.stl in 6 msec
All files opened in 2436 msec
Mesh Bounding Box Size 108.018005 91.844795 231.879486
Mesh Bounding Box Diag 271.793030 
Mesh Volume is 281912.656250
Mesh Surface is 104358.320312
Thin shell barycenter -8.779952 0.060235 -83.067101
Center of Mass is -10.079529 0.072064 -81.852776
Inertia Tensor is :
| 1283355392.000000 -200782.203125 -224559104.000000 |
| -200782.203125 1399255168.000000 654523.687500 |
| -224559104.000000 654523.687500 416621216.000000 |
Principal axes are :
| 0.971551 -0.005425 0.236770 |
| 0.005722 0.999983 -0.000567 |
| -0.236763 0.001906 0.971566 |
axis momenta are :
| 1338078336.000000 1399257472.000000 361895936.000000 |
-->
  <xacro:macro name="bicep_inertial">
    <inertial>
      <mass value="${281912.656250 / md}"/>
      <inertia
        ixx="${  1283355392.000000 / id }"
        ixy="${     -200782.203125 / id }"
        ixz="${  -224559104.000000 / id }"
        iyy="${  1399255168.000000 / id }"
        iyz="${      654523.687500 / id }"
        izz="${   416621216.000000 / id }"
      />
    </inertial>
  </xacro:macro>

<!--
Opened mesh /home/grey/inmoov_ros/src/inmoov_ros/inmoov_meshes/meshes/bicepcover.stl in 18 msec
All files opened in 2233 msec
Mesh Bounding Box Size 129.930206 91.769051 208.188858
Mesh Bounding Box Diag 262.003845 
Mesh Volume is 176269.609375
Mesh Surface is 121159.289062
Thin shell barycenter 6.606298 0.056933 -95.423935
Center of Mass is 4.113691 0.023778 -98.293915
Inertia Tensor is :
| 536349632.000000 966533.437500 -69306768.000000 |
| 966533.437500 625805568.000000 566635.812500 |
| -69306768.000000 566635.812500 441916480.000000 |
Principal axes are :
| 0.883948 0.011886 0.467434 |
| -0.011161 0.999928 -0.004320 |
| -0.467452 -0.001398 0.884017 |
axis momenta are :
| 572988480.000000 625816256.000000 405266944.000000 |
-->
  <xacro:macro name="bicepcover_inertial">
    <inertial>
      <mass value="${176269.609375 / md}"/>
      <inertia
        ixx="${   536349632.000000 / id }"
        ixy="${      966533.437500 / id }"
        ixz="${   -69306768.000000 / id }"
        iyy="${   625805568.000000 / id }"
        iyz="${      566635.812500 / id }"
        izz="${   441916480.000000 / id }"
      />
    </inertial>
  </xacro:macro>

<!--
Opened mesh /home/grey/inmoov_ros/src/inmoov_ros/inmoov_meshes/meshes/camera.stl in 8 msec
All files opened in 2697 msec
Mesh Bounding Box Size 8.000001 33.499996 19.499996
Mesh Bounding Box Diag 39.579029 
Mesh Volume is 2466.067627
Mesh Surface is 1775.035400
Thin shell barycenter 2.255085 -0.343137 -2.586783
Center of Mass is 2.337499 -0.368498 -2.255082
Inertia Tensor is :
| 240846.265625 -677.540710 -4657.491211 |
| -677.540710 75434.351562 -3045.460449 |
| -4657.491211 -3045.460449 181402.265625 |
Principal axes are :
| 0.996988 0.004906 0.077395 |
| -0.002651 0.999570 -0.029211 |
| -0.077505 0.028918 0.996572 |
axis momenta are :
| 241210.140625 75342.921875 181129.828125 |
-->
  <xacro:macro name="camera_inertial">
    <inertial>
      <mass value="${2466.067627 / md}"/>
      <inertia
        ixx="${    240846.265625 / id }"
        ixy="${      -677.540710 / id }"
        ixz="${     -4657.491211 / id }"
        iyy="${     75434.351562 / id }"
        iyz="${     -3045.460449 / id }"
        izz="${    181402.265625 / id }"
      />
    </inertial>
  </xacro:macro>

<!--
Opened mesh /home/grey/inmoov_ros/src/inmoov_ros/inmoov_meshes/meshes/chest.stl in 50 msec
All files opened in 1996 msec
Mesh Bounding Box Size 80.510498 307.491943 275.934937
Mesh Bounding Box Diag 420.919617 
Mesh Volume is 755680.687500
Mesh Surface is 223564.500000
Thin shell barycenter 17.029747 -1.286327 151.246750
Center of Mass is 16.772718 -1.230909 125.540794
Inertia Tensor is :
| 7996578816.000000 -475382.812500 -51810308.000000 |
| -475382.812500 3795706624.000000 11253427.000000 |
| -51810308.000000 11253427.000000 4511691776.000000 |
Principal axes are :
| 0.999890 -0.000081 0.014863 |
| -0.000153 0.999876 0.015717 |
| -0.014863 -0.015717 0.999766 |
axis momenta are :
| 7997348864.000000 3795529728.000000 4511098368.000000 |
-->
  <xacro:macro name="chest_inertial">
    <inertial>
      <mass value="${755680.687500 / md}"/>
      <inertia
        ixx="${  7996578816.000000 / id }"
        ixy="${     -475382.812500 / id }"
        ixz="${   -51810308.000000 / id }"
        iyy="${  3795706624.000000 / id }"
        iyz="${    11253427.000000 / id }"
        izz="${  4511691776.000000 / id }"
      />
    </inertial>
  </xacro:macro>

<!--
Opened mesh /home/grey/inmoov_ros/src/inmoov_ros/inmoov_meshes/meshes/disk.stl in 17 msec
All files opened in 2305 msec
Mesh Bounding Box Size 32.199123 141.520432 141.527847
Mesh Bounding Box Diag 202.718887 
Mesh Volume is 178967.343750
Mesh Surface is 64245.589844
Thin shell barycenter 19.303682 -0.052753 8.734632
Center of Mass is 20.559896 -0.052606 8.121016
Inertia Tensor is :
| 518276192.000000 -394.440735 12957092.000000 |
| -394.440735 264527408.000000 15683.143555 |
| 12957092.000000 15683.143555 268095952.000000 |
Principal axes are :
| 0.998669 0.000277 -0.051583 |
| 0.000002 0.999985 0.005409 |
| 0.051584 -0.005402 0.998654 |
axis momenta are :
| 518945472.000000 264527328.000000 267426768.000000 |
-->
  <xacro:macro name="disk_inertial">
    <inertial>
      <mass value="${178967.343750 / md}"/>
      <inertia
        ixx="${   518276192.000000 / id }"
        ixy="${        -394.440735 / id }"
        ixz="${    12957092.000000 / id }"
        iyy="${   264527408.000000 / id }"
        iyz="${       15683.143555 / id }"
        izz="${   268095952.000000 / id }"
      />
    </inertial>
  </xacro:macro>

<!--
Opened mesh /home/grey/inmoov_ros/src/inmoov_ros/inmoov_meshes/meshes/earleftv1.stl in 22 msec
All files opened in 2362 msec
Mesh Bounding Box Size 91.007996 25.182009 91.007942
Mesh Bounding Box Diag 131.145096 
Mesh Volume is 85197.960938
Mesh Surface is 21549.654297
Thin shell barycenter 1.966835 7.869811 1.372619
Center of Mass is 3.795357 7.653911 2.931803
Inertia Tensor is :
| 44230340.000000 -1262894.000000 5220882.000000 |
| -1262894.000000 80467120.000000 -484128.468750 |
| 5220882.000000 -484128.468750 40751060.000000 |
Principal axes are :
| 0.809813 -0.037221 -0.585506 |
| 0.040155 0.999162 -0.007980 |
| 0.585312 -0.017049 0.810629 |
axis momenta are :
| 47941240.000000 80522424.000000 36984856.000000 |
-->
  <xacro:macro name="earleftv1_inertial">
    <inertial>
      <mass value="${ 85197.960938 / md}"/>
      <inertia
        ixx="${    44230340.000000 / id }"
        ixy="${    -1262894.000000 / id }"
        ixz="${     5220882.000000 / id }"
        iyy="${    80467120.000000 / id }"
        iyz="${     -484128.468750 / id }"
        izz="${    40751060.000000 / id }"
      />
    </inertial>
  </xacro:macro>

<!--
Opened mesh /home/grey/inmoov_ros/src/inmoov_ros/inmoov_meshes/meshes/earrightv1.stl in 185 msec
All files opened in 2114 msec
Mesh Bounding Box Size 91.014008 25.182001 91.013977
Mesh Bounding Box Diag 131.153442 
Mesh Volume is 85175.406250
Mesh Surface is 21548.291016
Thin shell barycenter 1.912267 -7.867679 0.817450
Center of Mass is 3.741870 -7.651948 2.376738
Inertia Tensor is :
| 44218692.000000 1262414.250000 5219223.500000 |
| 1262414.250000 80448136.000000 483531.968750 |
| 5219223.500000 483531.968750 40740816.000000 |
Principal axes are :
| 0.809806 0.037213 -0.585517 |
| -0.040140 0.999162 0.007987 |
| 0.585324 0.017035 0.810621 |
axis momenta are :
| 47928548.000000 80503400.000000 36975700.000000 |
-->
  <xacro:macro name="earrightv1_inertial">
    <inertial>
      <mass value="${ 85175.406250 / md}"/>
      <inertia
        ixx="${    44218692.000000 / id }"
        ixy="${     1262414.250000 / id }"
        ixz="${    5219223.500000  / id }"
        iyy="${    80448136.000000 / id }"
        iyz="${      483531.968750 / id }"
        izz="${    40740816.000000 / id }"
      />
    </inertial>
  </xacro:macro>

<!--
Opened mesh /home/grey/inmoov_ros/src/inmoov_ros/inmoov_meshes/meshes/eye.stl in 3 msec
All files opened in 1580 msec
Mesh Bounding Box Size 8.000001 36.000000 35.969540
Mesh Bounding Box Diag 51.515121 
Mesh Volume is 4659.753906
Mesh Surface is 2759.665039
Thin shell barycenter 3.104678 0.000001 0.000225
Center of Mass is 3.185493 0.000001 0.000025
Inertia Tensor is :
| 913717.187500 0.002418 0.211749 |
| 0.002418 479575.687500 -0.003262 |
| 0.211749 -0.003262 475530.500000 |
Principal axes are :
| 1.000000 -0.000000 -0.000000 |
| 0.000000 1.000000 0.000001 |
| 0.000000 -0.000001 1.000000 |
axis momenta are :
| 913717.187500 479575.687500 475530.500000 |
-->
  <xacro:macro name="eye_inertial">
    <inertial>
      <mass value="${ 4659.753906 / md}"/>
      <inertia
        ixx="${     913717.187500 / id }"
        ixy="${          0.002418 / id }"
        ixz="${          0.211749 / id }"
        iyy="${     479575.687500 / id }"
        iyz="${         -0.003262 / id }"
        izz="${     475530.500000 / id }"
      />
    </inertial>
  </xacro:macro>

<!--
Opened mesh /home/grey/inmoov_ros/src/inmoov_ros/inmoov_meshes/meshes/eyesupport.stl in 2 msec
All files opened in 1536 msec
Mesh Bounding Box Size 33.271500 76.999481 75.081680
Mesh Bounding Box Diag 112.575180 
Mesh Volume is 27550.294922
Mesh Surface is 12719.288086
Thin shell barycenter -4.059350 0.376939 -1.762510
Center of Mass is -3.586834 -0.028465 1.197724
Inertia Tensor is :
| 20632590.000000 285302.437500 -1400304.000000 |
| 285302.437500 16763521.000000 1839664.250000 |
| -1400304.000000 1839664.250000 6981697.000000 |
Principal axes are :
| 0.994894 -0.008086 0.100603 |
| 0.026023 0.983634 -0.178290 |
| -0.097515 0.179998 0.978822 |
axis momenta are :
| 20777304.000000 17097820.000000 6502683.500000 |
-->
  <xacro:macro name="eyesupport_inertial">
    <inertial>
      <mass value="${ 27550.294922 / md}"/>
      <inertia
        ixx="${    20632590.000000 / id }"
        ixy="${      285302.437500 / id }"
        ixz="${    -1400304.000000 / id }"
        iyy="${    16763521.000000 / id }"
        iyz="${     1839664.250000 / id }"
        izz="${     6981697.000000 / id }"
      />
    </inertial>
  </xacro:macro>
  
<!--
Opened mesh /home/grey/inmoov_ros/src/inmoov_ros/inmoov_meshes/meshes/face.stl in 4 msec
All files opened in 1547 msec
Mesh Bounding Box Size 58.885715 130.552460 65.225174
Mesh Bounding Box Diag 157.371521 
Mesh Volume is 46559.031250
Mesh Surface is 27271.681641
Thin shell barycenter 18.589180 -0.156830 -10.132577
Center of Mass is 19.483259 -0.081941 -9.738870
Inertia Tensor is :
| 60878272.000000 69925.132812 1269511.250000 |
| 69925.132812 19785440.000000 1371.249390 |
| 1269511.250000 1371.249390 51128208.000000 |
Principal axes are :
| 0.991897 -0.001702 -0.127031 |
| 0.001685 0.999999 -0.000241 |
| 0.127031 0.000025 0.991899 |
axis momenta are :
| 61040976.000000 19785320.000000 50965624.000000 |
-->
  <xacro:macro name="face_inertial">
    <inertial>
      <mass value="${ 46559.031250 / md}"/>
      <inertia
        ixx="${    60878272.000000 / id }"
        ixy="${       69925.132812 / id }"
        ixz="${     1269511.250000 / id }"
        iyy="${    19785440.000000 / id }"
        iyz="${        1371.249390 / id }"
        izz="${    51128208.000000 / id }"
      />
    </inertial>
  </xacro:macro>
  
<!--
Opened mesh /home/grey/inmoov_ros/src/inmoov_ros/inmoov_meshes/meshes/head.stl in 3 msec
All files opened in 1403 msec
Mesh Bounding Box Size 148.349350 130.531616 66.729294
Mesh Bounding Box Diag 208.563721 
Mesh Volume is 120499.460938
Mesh Surface is 52769.628906
Thin shell barycenter 36.866142 -0.017403 19.961363
Center of Mass is 33.712868 -0.019775 19.798304
Inertia Tensor is :
| 92508680.000000 -123085.367188 -7862710.500000 |
| -123085.367188 150815008.000000 285030.562500 |
| -7862710.500000 285030.562500 201933552.000000 |
Principal axes are :
| 0.997453 -0.001332 -0.071310 |
| 0.001740 0.999982 0.005671 |
| 0.071301 -0.005780 0.997438 |
axis momenta are :
| 91946416.000000 150813520.000000 202497296.000000 |
-->
  <xacro:macro name="head_inertial">
    <inertial>
      <mass value="${ 120499.460938 / md}"/>
      <inertia
        ixx="${     92508680.000000 / id }"
        ixy="${      -123085.367188 / id }"
        ixz="${     -7862710.500000 / id }"
        iyy="${    150815008.000000 / id }"
        iyz="${       285030.562500 / id }"
        izz="${    201933552.000000 / id }"
      />
    </inertial>
  </xacro:macro>
  
<!--
Opened mesh /home/grey/inmoov_ros/src/inmoov_ros/inmoov_meshes/meshes/head_base.stl in 6 msec
All files opened in 1357 msec
Mesh Bounding Box Size 69.337830 92.601379 32.000000
Mesh Bounding Box Diag 120.028122 
Mesh Volume is 43502.281250
Mesh Surface is 20571.138672
Thin shell barycenter 6.559660 0.011771 13.424242
Center of Mass is 7.293888 0.021165 14.839767
Inertia Tensor is :
| 25681996.000000 18290.968750 -790662.750000 |
| 18290.968750 17327208.000000 9602.263672 |
| -790662.750000 9602.263672 35355280.000000 |
Principal axes are :
| 0.996717 -0.002249 -0.080931 |
| 0.002293 0.999997 0.000447 |
| 0.080929 -0.000631 0.996720 |
axis momenta are :
| 25617840.000000 17327160.000000 35419484.000000 |
-->
  <xacro:macro name="head_base_inertial">
    <inertial>
      <mass value="${ 43502.281250 / md}"/>
      <inertia
        ixx="${    25681996.000000 / id }"
        ixy="${       18290.968750 / id }"
        ixz="${     -790662.750000 / id }"
        iyy="${    17327208.000000 / id }"
        iyz="${        9602.263672 / id }"
        izz="${    35355280.000000 / id }"
      />
    </inertial>
  </xacro:macro>
  
<!--
Opened mesh /home/grey/inmoov_ros/src/inmoov_ros/inmoov_meshes/meshes/index3_1.stl in 2 msec
All files opened in 1522 msec
Mesh Bounding Box Size 17.238571 17.350281 48.785606
Mesh Bounding Box Diag 54.573215 
Mesh Volume is 4854.550781
Mesh Surface is 3963.533691
Thin shell barycenter 0.624920 -0.045537 -17.498087
Center of Mass is 0.327900 -0.041642 -17.815184
Inertia Tensor is :
| 785518.812500 -113.786087 12465.399414 |
| -113.786087 736795.062500 1496.518921 |
| 12465.399414 1496.518921 226730.125000 |
Principal axes are :
| 0.999750 0.001575 -0.022292 |
| -0.001641 0.999994 -0.002937 |
| 0.022287 0.002972 0.999747 |
axis momenta are :
| 785796.875000 736799.312500 226447.781250 |
-->
  <xacro:macro name="index3_1_inertial">
    <inertial>
      <mass value="${ 4854.550781 / md}"/>
      <inertia
        ixx="${     785518.812500 / id }"
        ixy="${       -113.786087 / id }"
        ixz="${      12465.399414 / id }"
        iyy="${     736795.062500 / id }"
        iyz="${       1496.518921 / id }"
        izz="${     226730.125000 / id }"
      />
    </inertial>
  </xacro:macro>
  
<!--
Opened mesh /home/grey/inmoov_ros/src/inmoov_ros/inmoov_meshes/meshes/index3_2.stl in 7 msec
All files opened in 1581 msec
Mesh Bounding Box Size 16.419373 15.360427 34.058228
Mesh Bounding Box Diag 40.810555 
Mesh Volume is 2911.548828
Mesh Surface is 2659.397705
Thin shell barycenter 0.856283 0.017799 -11.069555
Center of Mass is 0.920736 -0.011680 -10.908571
Inertia Tensor is :
| 247697.562500 5.310544 -13615.135742 |
| 5.310544 244508.312500 701.601379 |
| -13615.135742 701.601379 91051.476562 |
Principal axes are :
| 0.996215 0.012954 0.085948 |
| -0.012612 0.999910 -0.004523 |
| -0.085999 0.003422 0.996289 |
axis momenta are :
| 248872.828125 244510.781250 89873.742188 |
-->
  <xacro:macro name="index3_2_inertial">
    <inertial>
      <mass value="${ 2911.548828 / md}"/>
      <inertia
        ixx="${     247697.562500 / id }"
        ixy="${          5.310544 / id }"
        ixz="${     -13615.135742 / id }"
        iyy="${     244508.312500 / id }"
        iyz="${        701.601379 / id }"
        izz="${      91051.476562 / id }"
      />
    </inertial>
  </xacro:macro>
  
<!--
Opened mesh /home/grey/inmoov_ros/src/inmoov_ros/inmoov_meshes/meshes/index3_3.stl in 3 msec
All files opened in 1481 msec
Mesh Bounding Box Size 15.530320 14.615662 35.068295
Mesh Bounding Box Diag 41.043804 
Mesh Volume is 2754.759033
Mesh Surface is 2558.569580
Thin shell barycenter -0.114936 -0.037786 -12.354142
Center of Mass is -0.195631 -0.042939 -12.565110
Inertia Tensor is :
| 240287.703125 26.071491 -13973.435547 |
| 26.071491 244506.625000 84.088615 |
| -13973.435547 84.088615 72536.453125 |
Principal axes are :
| 0.996576 0.006239 0.082447 |
| -0.006219 0.999981 -0.000496 |
| -0.082448 -0.000018 0.996595 |
axis momenta are :
| 241443.578125 244506.781250 71380.406250 |
-->
  <xacro:macro name="index3_3_inertial">
    <inertial>
      <mass value="${ 2754.759033 / md}"/>
      <inertia
        ixx="${     240287.703125 / id }"
        ixy="${         26.071491 / id }"
        ixz="${     -13973.435547 / id }"
        iyy="${     244506.625000 / id }"
        iyz="${         84.088615 / id }"
        izz="${      72536.453125 / id }"
      />
    </inertial>
  </xacro:macro>
  
<!--
Opened mesh /home/grey/inmoov_ros/src/inmoov_ros/inmoov_meshes/meshes/iris.stl in 7 msec
All files opened in 1708 msec
Mesh Bounding Box Size 4.850000 21.782320 21.764652
Mesh Bounding Box Diag 31.171974 
Mesh Volume is 1026.836548
Mesh Surface is 1069.724976
Thin shell barycenter 2.604385 -0.000058 -0.100151
Center of Mass is 2.386165 0.000047 -0.099872
Inertia Tensor is :
| 85819.992188 -0.107131 -0.294199 |
| -0.107131 44821.710938 0.419771 |
| -0.294199 0.419771 44822.714844 |
Principal axes are :
| 1.000000 0.000000 0.000008 |
| -0.000003 0.939976 0.341240 |
| -0.000007 -0.341240 0.939976 |
axis momenta are :
| 85819.992188 44821.558594 44822.867188 |
-->
  <xacro:macro name="iris_inertial">
    <inertial>
      <mass value="${ 1026.836548 / md}"/>
      <inertia
        ixx="${      85819.992188 / id }"
        ixy="${         -0.107131 / id }"
        ixz="${         -0.294199 / id }"
        iyy="${      44821.710938 / id }"
        iyz="${          0.419771 / id }"
        izz="${      44822.714844 / id }"
      />
    </inertial>
  </xacro:macro>
  
<!--
Opened mesh /home/grey/inmoov_ros/src/inmoov_ros/inmoov_meshes/meshes/jaw.stl in 3 msec
All files opened in 1932 msec
Mesh Bounding Box Size 151.468292 113.023956 114.478699
Mesh Bounding Box Diag 220.957977 
Mesh Volume is 58767.261719
Mesh Surface is 33077.742188
Thin shell barycenter 60.733185 0.051789 -47.454861
Center of Mass is 63.222282 0.037192 -49.244869
Inertia Tensor is :
| 147272256.000000 75532.781250 55060208.000000 |
| 75532.781250 134112088.000000 -12159.836914 |
| 55060208.000000 -12159.836914 156998304.000000 |
Principal axes are :
| 0.737556 0.000878 0.675285 |
| -0.001716 0.999998 0.000574 |
| -0.675284 -0.001582 0.737556 |
axis momenta are :
| 96860624.000000 134112176.000000 207409856.000000 |
-->
  <xacro:macro name="jaw_inertial">
    <inertial>
      <mass value="${ 58767.261719 / md}"/>
      <inertia
        ixx="${   147272256.000000 / id }"
        ixy="${       75532.781250 / id }"
        ixz="${    55060208.000000 / id }"
        iyy="${   134112088.000000 / id }"
        iyz="${      -12159.836914 / id }"
        izz="${   156998304.000000 / id }"
      />
    </inertial>
  </xacro:macro>
  
<!--
Opened mesh /home/grey/inmoov_ros/src/inmoov_ros/inmoov_meshes/meshes/kinectone.stl in 6 msec
All files opened in 1236 msec
Mesh Bounding Box Size 250.000031 82.000008 64.499985
Mesh Bounding Box Diag 270.895294 
Mesh Volume is 790831.937500
Mesh Surface is 142856.156250
Thin shell barycenter 0.800756 55.273056 33.450218
Center of Mass is 1.100458 48.963375 38.179012
Inertia Tensor is :
| 539265728.000000 -8770675.000000 -2344317.500000 |
| -8770675.000000 3865038592.000000 25915652.000000 |
| -2344317.500000 25915652.000000 3969101824.000000 |
Principal axes are :
| 0.999996 -0.002410 -0.001249 |
| 0.002632 0.973403 0.229086 |
| 0.000664 -0.229089 0.973405 |
axis momenta are :
| 539241088.000000 3858961152.000000 3975203840.000000 |
-->
  <xacro:macro name="kinectone_inertial">
    <inertial>
      <mass value="${ 790831.937500 / md}"/>
      <inertia
        ixx="${    539265728.000000 / id }"
        ixy="${     -8770675.000000 / id }"
        ixz="${     -2344317.500000 / id }"
        iyy="${   3865038592.000000 / id }"
        iyz="${     25915652.000000 / id }"
        izz="${   3969101824.000000 / id }"
      />
    </inertial>
  </xacro:macro>
  
<!--
Opened mesh /home/grey/inmoov_ros/src/inmoov_ros/inmoov_meshes/meshes/l_cover_hand.stl in 32 msec
All files opened in 1460 msec
Mesh Bounding Box Size 13.736001 84.862000 108.330002
Mesh Bounding Box Diag 138.295441 
Mesh Volume is 39850.039062
Mesh Surface is 15339.135742
Thin shell barycenter 3.745567 13.082279 41.522751
Center of Mass is 3.708912 13.324540 43.250717
Inertia Tensor is :
| 43945356.000000 -150298.984375 -668434.562500 |
| -150298.984375 31625718.000000 -7874518.000000 |
| -668434.562500 -7874518.000000 12808058.000000 |
Principal axes are :
| 0.999758 -0.009173 0.019977 |
| 0.001804 0.939958 0.341286 |
| -0.021908 -0.341168 0.939747 |
axis momenta are :
| 43959732.000000 34485324.000000 9934075.000000 |
-->
  <xacro:macro name="l_cover_hand_inertial">
    <inertial>
      <mass value="${ 39850.039062 / md}"/>
      <inertia
        ixx="${    43945356.000000 / id }"
        ixy="${     -150298.984375 / id }"
        ixz="${     -668434.562500 / id }"
        iyy="${    31625718.000000 / id }"
        iyz="${    -7874518.000000 / id }"
        izz="${    12808058.000000 / id }"
      />
    </inertial>
  </xacro:macro>
  
<!--
Opened mesh /home/grey/inmoov_ros/src/inmoov_ros/inmoov_meshes/meshes/l_cover_handpinky.stl in 6 msec
All files opened in 1500 msec
Mesh Bounding Box Size 5.456001 32.141998 56.658005
Mesh Bounding Box Diag 65.368233 
Mesh Volume is 3887.731445
Mesh Surface is 2330.852783
Thin shell barycenter 2.210827 -0.112941 2.008882
Center of Mass is 2.283108 -0.345010 1.597708
Inertia Tensor is :
| 732629.187500 2534.065674 2594.330322 |
| 2534.065674 578011.750000 67645.304688 |
| 2594.330322 67645.304688 168406.562500 |
Principal axes are :
| 0.999788 -0.020259 -0.003754 |
| 0.019406 0.987119 -0.158805 |
| 0.006923 0.158699 0.987303 |
axis momenta are :
| 732696.312500 588835.062500 157516.125000 |
-->
  <xacro:macro name="l_cover_handpinky_inertial">
    <inertial>
      <mass value="${ 3887.731445 / md}"/>
      <inertia
        ixx="${     732629.187500 / id }"
        ixy="${       2534.065674 / id }"
        ixz="${       2594.330322 / id }"
        iyy="${     578011.750000 / id }"
        iyz="${      67645.304688 / id }"
        izz="${     168406.562500 / id }"
      />
    </inertial>
  </xacro:macro>
  
<!--
Opened mesh /home/grey/inmoov_ros/src/inmoov_ros/inmoov_meshes/meshes/l_cover_handring.stl in 17 msec
All files opened in 2914 msec
Mesh Bounding Box Size 6.642000 33.834000 43.076000
Mesh Bounding Box Diag 55.176060 
Mesh Volume is 3507.538086
Mesh Surface is 2007.870728
Thin shell barycenter 2.526940 0.495237 -1.871013
Center of Mass is 2.592369 0.223609 -1.677225
Inertia Tensor is :
| 430486.968750 5051.603516 -2255.701904 |
| 5051.603516 288646.281250 594.736511 |
| -2255.701904 594.736511 159170.093750 |
Principal axes are :
| 0.999336 -0.035465 0.008404 |
| 0.035507 0.999357 -0.004920 |
| -0.008225 0.005215 0.999953 |
axis momenta are :
| 430685.031250 288470.125000 159148.203125 |
-->
  <xacro:macro name="l_cover_handring_inertial">
    <inertial>
      <mass value="${ 3507.538086 / md}"/>
      <inertia
        ixx="${     430486.968750 / id }"
        ixy="${       5051.603516 / id }"
        ixz="${      -2255.701904 / id }"
        iyy="${     288646.281250 / id }"
        iyz="${        594.736511 / id }"
        izz="${     159170.093750 / id }"
      />
    </inertial>
  </xacro:macro>
  
<!--
Opened mesh /home/grey/inmoov_ros/src/inmoov_ros/inmoov_meshes/meshes/l_cover_index.stl in 8 msec
All files opened in 1384 msec
Mesh Bounding Box Size 8.594393 17.415220 35.119446
Mesh Bounding Box Diag 40.131397 
Mesh Volume is 1635.368652
Mesh Surface is 1318.177612
Thin shell barycenter 4.245106 -0.273686 0.921812
Center of Mass is 4.354176 -0.273627 0.371592
Inertia Tensor is :
| 167985.140625 0.937079 -15635.599609 |
| 0.937079 140411.187500 699.011658 |
| -15635.599609 699.011658 36513.273438 |
Principal axes are :
| 0.993186 0.003484 0.116486 |
| -0.002738 0.999975 -0.006567 |
| -0.116506 0.006203 0.993171 |
axis momenta are :
| 169819.281250 140415.531250 34674.792969 |
-->
  <xacro:macro name="l_cover_index_inertial">
    <inertial>
      <mass value="${ 1635.368652 / md}"/>
      <inertia
        ixx="${     167985.140625 / id }"
        ixy="${          0.937079 / id }"
        ixz="${     -15635.599609 / id }"
        iyy="${     140411.187500 / id }"
        iyz="${        699.011658 / id }"
        izz="${      36513.273438 / id }"
      />
    </inertial>
  </xacro:macro>
  
<!--
Opened mesh /home/grey/inmoov_ros/src/inmoov_ros/inmoov_meshes/meshes/l_cover_middle.stl in 6 msec
All files opened in 1439 msec
Mesh Bounding Box Size 8.813518 18.337889 38.744076
Mesh Bounding Box Diag 43.761395 
Mesh Volume is 1904.471313
Mesh Surface is 1507.517334
Thin shell barycenter 4.313908 -0.082064 0.871612
Center of Mass is 4.406314 -0.082271 0.264647
Inertia Tensor is :
| 234427.671875 11.994666 -22417.498047 |
| 11.994666 198775.875000 945.323792 |
| -22417.498047 945.323792 47098.675781 |
Principal axes are :
| 0.993105 0.003278 0.117184 |
| -0.002582 0.999978 -0.006092 |
| -0.117202 0.005748 0.993091 |
axis momenta are :
| 237073.250000 198781.343750 44447.621094 |
-->
  <xacro:macro name="l_cover_middle_inertial">
    <inertial>
      <mass value="${ 1904.471313 / md}"/>
      <inertia
        ixx="${     234427.671875 / id }"
        ixy="${         11.994666 / id }"
        ixz="${     -22417.498047 / id }"
        iyy="${     198775.875000 / id }"
        iyz="${        945.323792 / id }"
        izz="${      47098.675781 / id }"
      />
    </inertial>
  </xacro:macro>
  
<!--
Opened mesh /home/grey/inmoov_ros/src/inmoov_ros/inmoov_meshes/meshes/l_cover_pinky.stl in 7 msec
All files opened in 1484 msec
Mesh Bounding Box Size 7.799893 16.734661 33.440189
Mesh Bounding Box Diag 38.198605 
Mesh Volume is 1285.607300
Mesh Surface is 1097.118896
Thin shell barycenter 3.740966 -0.503986 1.926065
Center of Mass is 3.877148 -0.506894 1.602272
Inertia Tensor is :
| 109421.882812 904.252441 -9149.000000 |
| 904.252441 90519.320312 2714.453125 |
| -9149.000000 2714.453125 24557.162109 |
Principal axes are :
| 0.993999 -0.026285 0.106181 |
| 0.030858 0.998656 -0.041649 |
| -0.104944 0.044676 0.993474 |
axis momenta are :
| 110415.882812 90616.953125 23465.529297 |
-->
  <xacro:macro name="l_cover_pinky_inertial">
    <inertial>
      <mass value="${ 1285.607300 / md}"/>
      <inertia
        ixx="${     109421.882812 / id }"
        ixy="${        904.252441 / id }"
        ixz="${      -9149.000000 / id }"
        iyy="${      90519.320312 / id }"
        iyz="${       2714.453125 / id }"
        izz="${      24557.162109 / id }"
      />
    </inertial>
  </xacro:macro>
  
<!--
Opened mesh /home/grey/inmoov_ros/src/inmoov_ros/inmoov_meshes/meshes/l_cover_ring.stl in 5 msec
All files opened in 1463 msec
Mesh Bounding Box Size 8.088491 17.430080 36.716965
Mesh Bounding Box Diag 41.441128 
Mesh Volume is 1466.901733
Mesh Surface is 1233.944702
Thin shell barycenter 3.885468 0.187724 1.591275
Center of Mass is 4.013374 0.186770 1.242054
Inertia Tensor is :
| 147694.687500 1216.691528 -12881.797852 |
| 1216.691528 124547.375000 4381.839844 |
| -12881.797852 4381.839844 30177.607422 |
Principal axes are :
| 0.993850 -0.025037 0.107867 |
| 0.030222 0.998451 -0.046707 |
| -0.106530 0.049680 0.993068 |
axis momenta are :
| 149112.484375 124734.890625 28572.300781 |
-->
  <xacro:macro name="l_cover_ring_inertial">
    <inertial>
      <mass value="${ 1466.901733 / md}"/>
      <inertia
        ixx="${     147694.687500 / id }"
        ixy="${       1216.691528 / id }"
        ixz="${     -12881.797852 / id }"
        iyy="${     124547.375000 / id }"
        iyz="${       4381.839844 / id }"
        izz="${      30177.607422 / id }"
      />
    </inertial>
  </xacro:macro>
  
<!--
Opened mesh /home/grey/inmoov_ros/src/inmoov_ros/inmoov_meshes/meshes/l_cover_thumb.stl in 4 msec
All files opened in 1596 msec
Mesh Bounding Box Size 6.319447 26.349285 49.800488
Mesh Bounding Box Diag 56.694874 
Mesh Volume is 3250.209717
Mesh Surface is 2121.767578
Thin shell barycenter 2.446937 2.227035 0.836310
Center of Mass is 2.521784 2.407381 -0.141687
Inertia Tensor is :
| 543531.937500 4525.454590 8495.841797 |
| 4525.454590 442602.156250 -49077.457031 |
| 8495.841797 -49077.457031 112376.609375 |
Principal axes are :
| 0.999189 -0.034558 -0.020657 |
| 0.037180 0.988862 0.144120 |
| 0.015446 -0.144771 0.989345 |
axis momenta are :
| 543831.687500 449629.031250 105050.007812 |
-->
  <xacro:macro name="l_cover_thumb_inertial">
    <inertial>
      <mass value="${ 3250.209717 / md}"/>
      <inertia
        ixx="${     543531.937500 / id }"
        ixy="${       4525.454590 / id }"
        ixz="${       8495.841797 / id }"
        iyy="${     442602.156250 / id }"
        iyz="${     -49077.457031 / id }"
        izz="${     112376.609375 / id }"
      />
    </inertial>
  </xacro:macro>
  
<!--
Opened mesh /home/grey/inmoov_ros/src/inmoov_ros/inmoov_meshes/meshes/l_eyesupport.stl in 2 msec
All files opened in 1191 msec
Mesh Bounding Box Size 14.000004 35.808380 45.097652
Mesh Bounding Box Diag 59.262455 
Mesh Volume is 11370.105469
Mesh Surface is 4366.827637
Thin shell barycenter -3.525270 -0.060002 2.126532
Center of Mass is -4.087140 -0.392808 2.943427
Inertia Tensor is :
| 2432392.250000 -6936.314941 -15166.963867 |
| -6936.314941 1752612.750000 -160871.437500 |
| -15166.963867 -160871.437500 896652.687500 |
Principal axes are :
| 0.999927 0.006319 0.010326 |
| -0.008064 0.983845 0.178843 |
| -0.009029 -0.178913 0.983823 |
axis momenta are :
| 2432585.250000 1781822.750000 867249.750000 |
-->
  <xacro:macro name="l_eyesupport_inertial">
    <inertial>
      <mass value="${ 11370.105469 / md}"/>
      <inertia
        ixx="${     2432392.250000 / id }"
        ixy="${       -6936.314941 / id }"
        ixz="${      -15166.963867 / id }"
        iyy="${     1752612.750000 / id }"
        iyz="${     -160871.437500 / id }"
        izz="${      896652.687500 / id }"
      />
    </inertial>
  </xacro:macro>
  
<!--
Opened mesh /home/grey/inmoov_ros/src/inmoov_ros/inmoov_meshes/meshes/l_forearm.stl in 16 msec
All files opened in 1710 msec
Mesh Bounding Box Size 108.761078 103.942200 315.046661
Mesh Bounding Box Diag 349.123688 
Mesh Volume is 401766.593750
Mesh Surface is 207576.031250
Thin shell barycenter -6.371800 -4.041090 -127.882858
Center of Mass is -6.129842 -3.489157 -118.607628
Inertia Tensor is :
| 3242308096.000000 -50011216.000000 -143185152.000000 |
| -50011216.000000 3242510848.000000 -86288992.000000 |
| -143185152.000000 -86288992.000000 584587840.000000 |
Principal axes are :
| 0.686905 -0.724725 0.054175 |
| 0.724146 0.688843 0.033285 |
| -0.061441 0.016367 0.997977 |
axis momenta are :
| 3202392832.000000 3293076992.000000 573937024.000000 |
-->
  <xacro:macro name="l_forearm_inertial">
    <inertial>
      <mass value="${ 401766.593750 / md}"/>
      <inertia
        ixx="${   3242308096.000000 / id }"
        ixy="${    -50011216.000000 / id }"
        ixz="${   -143185152.000000 / id }"
        iyy="${   3242510848.000000 / id }"
        iyz="${    -86288992.000000 / id }"
        izz="${    584587840.000000 / id }"
      />
    </inertial>
  </xacro:macro>
  
<!--
Opened mesh /home/grey/inmoov_ros/src/inmoov_ros/inmoov_meshes/meshes/l_hand.stl in 12 msec
All files opened in 2042 msec
Mesh Bounding Box Size 44.331417 93.143219 128.509338
Mesh Bounding Box Diag 164.789520 
Mesh Volume is 83605.007812
Mesh Surface is 43796.097656
Thin shell barycenter -0.156066 -5.322559 -53.723415
Center of Mass is -0.270632 -5.146427 -53.579273
Inertia Tensor is :
| 126485224.000000 -6832.961426 -139859.234375 |
| -6832.961426 94925688.000000 -23795198.000000 |
| -139859.234375 -23795198.000000 37456156.000000 |
Principal axes are :
| 0.999997 -0.001783 0.001372 |
| 0.001212 0.940797 0.338967 |
| -0.001895 -0.338965 0.940797 |
axis momenta are :
| 126485480.000000 103499000.000000 28882586.000000 |
-->
  <xacro:macro name="l_hand_inertial">
    <inertial>
      <mass value="${ 83605.007812 / md}"/>
      <inertia
        ixx="${   126485224.000000 / id }"
        ixy="${       -6832.961426 / id }"
        ixz="${     -139859.234375 / id }"
        iyy="${    94925688.000000 / id }"
        iyz="${   -23795198.000000 / id }"
        izz="${    37456156.000000 / id }"
      />
    </inertial>
  </xacro:macro>
  
<!--
Opened mesh /home/grey/inmoov_ros/src/inmoov_ros/inmoov_meshes/meshes/l_pinky3_1.stl in 12 msec
All files opened in 1582 msec
Mesh Bounding Box Size 17.696007 58.876789 43.411186
Mesh Bounding Box Diag 75.260590 
Mesh Volume is 14892.949219
Mesh Surface is 7395.223145
Thin shell barycenter 0.061504 19.576210 -6.779984
Center of Mass is -0.456468 18.407099 -5.171003
Inertia Tensor is :
| 4361011.000000 -36622.921875 29569.964844 |
| -36622.921875 2153599.750000 1214404.125000 |
| 29569.964844 1214404.125000 3112752.000000 |
Principal axes are :
| 0.999839 0.015459 -0.009102 |
| -0.007661 0.826721 0.562560 |
| 0.016222 -0.562400 0.826706 |
axis momenta are :
| 4361771.500000 1326781.875000 3938809.500000 |

-->
  <xacro:macro name="l_pinky3_1_inertial">
    <inertial>
      <mass value="${ 14892.949219 / md}"/>
      <inertia
        ixx="${     4361011.000000 / id }"
        ixy="${      -36622.921875 / id }"
        ixz="${       29569.964844 / id }"
        iyy="${     2153599.750000 / id }"
        iyz="${     1214404.125000 / id }"
        izz="${     3112752.000000 / id }"
      />
    </inertial>
  </xacro:macro>
  
<!--
Opened mesh /home/grey/inmoov_ros/src/inmoov_ros/inmoov_meshes/meshes/l_ring3_1.stl in 2 msec
All files opened in 1673 msec
Mesh Bounding Box Size 17.686001 48.905632 38.091835
Mesh Bounding Box Diag 64.463509 
Mesh Volume is 10810.309570
Mesh Surface is 6415.432617
Thin shell barycenter 0.379389 15.710208 -3.349990
Center of Mass is -0.064880 15.507306 -2.144598
Inertia Tensor is :
| 2392349.000000 -25959.347656 18166.251953 |
| -25959.347656 1249956.375000 426506.718750 |
| 18166.251953 426506.718750 1810718.500000 |
Principal axes are :
| 0.999683 0.022914 -0.010397 |
| -0.015228 0.879878 0.474955 |
| 0.020031 -0.474647 0.879948 |
axis momenta are :
| 2393108.500000 1019203.062500 2040712.375000 |
-->
  <xacro:macro name="l_ring3_1_inertial">
    <inertial>
      <mass value="${ 10810.309570 / md}"/>
      <inertia
        ixx="${     2392349.000000 / id }"
        ixy="${      -25959.347656 / id }"
        ixz="${       18166.251953 / id }"
        iyy="${     1249956.375000 / id }"
        iyz="${      426506.718750 / id }"
        izz="${     1810718.500000 / id }"
      />
    </inertial>
  </xacro:macro>
  
<!--
Opened mesh /home/grey/inmoov_ros/src/inmoov_ros/inmoov_meshes/meshes/l_shoulder.stl in 5 msec
All files opened in 1242 msec
Mesh Bounding Box Size 102.575752 111.850540 126.307632
Mesh Bounding Box Diag 197.448593 
Mesh Volume is 322443.343750
Mesh Surface is 110009.562500
Thin shell barycenter -2.171375 46.918030 -24.815781
Center of Mass is -1.760977 46.793152 -26.001684
Inertia Tensor is :
| 601346048.000000 -3437744.000000 -11761914.000000 |
| -3437744.000000 473865952.000000 114277040.000000 |
| -11761914.000000 114277040.000000 500951520.000000 |
Principal axes are :
| 0.690490 -0.022926 0.722979 |
| -0.469097 0.746628 0.471693 |
| -0.550610 -0.664846 0.504785 |
axis momenta are :
| 613060736.000000 372211808.000000 590891008.000000 |
-->
  <xacro:macro name="l_shoulder_inertial">
    <inertial>
      <mass value="${ 322443.343750 / md}"/>
      <inertia
        ixx="${    601346048.000000 / id }"
        ixy="${     -3437744.000000 / id }"
        ixz="${    -11761914.000000 / id }"
        iyy="${    473865952.000000 / id }"
        iyz="${    114277040.000000 / id }"
        izz="${    500951520.000000 / id }"
      />
    </inertial>
  </xacro:macro>
  
<!--
Opened mesh /home/grey/inmoov_ros/src/inmoov_ros/inmoov_meshes/meshes/l_shoulder_base.stl in 7 msec
All files opened in 2182 msec
Mesh Bounding Box Size 102.761749 110.730751 118.874138
Mesh Bounding Box Diag 192.229904 
Mesh Volume is 266526.968750
Mesh Surface is 87024.109375
Thin shell barycenter -3.847125 -13.766655 -49.144997
Center of Mass is -3.377304 -11.160115 -46.922394
Inertia Tensor is :
| 350410240.000000 5735161.500000 -11193821.000000 |
| 5735161.500000 390885728.000000 -45447508.000000 |
| -11193821.000000 -45447508.000000 271458720.000000 |
Principal axes are :
| 0.983285 0.156888 0.092394 |
| -0.178254 0.932884 0.312975 |
| -0.037091 -0.324213 0.945257 |
axis momenta are :
| 349792800.000000 407645024.000000 255316880.000000 |

-->
  <xacro:macro name="l_shoulder_base_inertial">
    <inertial>
      <mass value="${ 266526.968750 / md}"/>
      <inertia
        ixx="${    350410240.000000 / id }"
        ixy="${      5735161.500000 / id }"
        ixz="${    -11193821.000000 / id }"
        iyy="${    390885728.000000 / id }"
        iyz="${    -45447508.000000 / id }"
        izz="${    271458720.000000 / id }"
      />
    </inertial>
  </xacro:macro>
  
<!--
Opened mesh /home/grey/inmoov_ros/src/inmoov_ros/inmoov_meshes/meshes/l_thumb5_1.stl in 5 msec
All files opened in 1492 msec
Mesh Bounding Box Size 22.555820 43.031254 35.923035
Mesh Bounding Box Diag 60.422832 
Mesh Volume is 10044.437500
Mesh Surface is 6250.192871
Thin shell barycenter 1.237436 -14.046616 -3.203827
Center of Mass is 1.007494 -13.727526 -2.808447
Inertia Tensor is :
| 1744373.625000 40159.183594 41015.949219 |
| 40159.183594 1225092.125000 -243175.015625 |
| 41015.949219 -243175.015625 1185567.625000 |
Principal axes are :
| 0.997338 -0.005703 -0.072695 |
| 0.053493 0.734721 0.676258 |
| 0.049554 -0.678346 0.733070 |
axis momenta are :
| 1748565.500000 1449296.750000 957171.125000 |
-->
  <xacro:macro name="l_thumb5_1_inertial">
    <inertial>
      <mass value="${ 10044.437500 / md}"/>
      <inertia
        ixx="${     1744373.625000 / id }"
        ixy="${       40159.183594 / id }"
        ixz="${       41015.949219 / id }"
        iyy="${     1225092.125000 / id }"
        iyz="${     -243175.015625 / id }"
        izz="${     1185567.625000 / id }"
      />
    </inertial>
  </xacro:macro>
  
<!--
Opened mesh /home/grey/inmoov_ros/src/inmoov_ros/inmoov_meshes/meshes/middle3_1.stl in 2 msec
All files opened in 1320 msec
Mesh Bounding Box Size 18.482727 18.602509 52.306591
Mesh Bounding Box Diag 58.511913 
Mesh Volume is 5988.140625
Mesh Surface is 4556.298340
Thin shell barycenter 0.580627 -0.004272 -18.619308
Center of Mass is 0.259172 0.005322 -18.944950
Inertia Tensor is :
| 1114858.750000 -26.224279 17385.302734 |
| -26.224279 1045557.750000 1371.758545 |
| 17385.302734 1371.758545 321609.062500 |
Principal axes are :
| 0.999760 -0.000096 -0.021901 |
| 0.000055 0.999998 -0.001894 |
| 0.021901 0.001893 0.999758 |
axis momenta are :
| 1115239.625000 1045560.375000 321225.625000 |
-->
